14
0 30 21 41 12 12 45 18 24 44 4 27 13 19 
44 0 18 8 10 49 24 28 25 42 13 17 22 33 
15 40 0 30 18 9 46 16 2 32 46 50 28 30 
17 25 25 0 37 10 20 22 37 2 40 8 23 41 
20 50 15 43 0 31 17 47 4 43 30 28 37 28 
2 41 50 48 17 0 16 9 21 41 27 18 36 42 
8 42 8 48 27 7 0 49 47 22 10 49 34 46 
8 28 41 21 11 18 31 0 40 43 17 50 44 48 
12 42 14 19 7 2 18 31 0 43 32 11 12 36 
16 46 26 18 35 30 5 21 1 0 38 37 7 44 
49 2 45 6 22 34 30 38 47 35 0 6 36 46 
31 41 14 33 5 31 37 31 7 38 36 0 2 4 
20 35 32 1 31 10 41 14 50 35 12 43 0 34 
17 34 2 37 2 32 38 13 4 11 46 14 20 0 
