14
0 40 26 27 13 29 12 18 9 1 1 27 13 5 
41 0 22 32 11 12 40 49 11 42 48 36 41 31 
18 48 0 19 47 38 18 13 22 39 15 48 40 34 
46 7 30 0 38 6 48 6 6 1 50 28 42 13 
18 13 7 18 0 30 14 40 34 3 44 21 3 16 
48 50 26 23 18 0 22 20 10 16 41 4 29 45 
15 2 16 47 47 24 0 26 40 46 10 15 12 25 
30 49 20 36 26 22 1 0 16 4 42 21 26 4 
20 44 26 48 18 22 23 22 0 1 25 43 35 30 
36 9 23 2 3 36 49 9 12 0 37 6 33 25 
29 10 9 33 48 10 16 8 12 44 0 20 44 12 
15 27 9 31 2 5 8 33 37 10 49 0 27 49 
40 20 11 13 5 8 22 46 28 25 34 34 0 8 
6 9 40 23 36 16 47 27 4 31 35 25 10 0 
